14/10/2025 13:30:00,176.0,177.10000610351562,170.82000732421875,171.35000610351562,6807267
14/10/2025 13:45:00,171.37930297851562,173.6999969482422,170.85960388183594,172.9499969482422,2516105
14/10/2025 14:00:00,172.92999267578125,174.89999389648438,172.8000030517578,174.65159606933594,1835672
14/10/2025 14:15:00,174.64999389648438,178.4600067138672,174.39999389648438,178.2779998779297,3641604
14/10/2025 14:30:00,178.25,179.50999450683594,177.41000366210938,179.08200073242188,3089436
14/10/2025 14:45:00,179.10000610351562,179.4199981689453,177.71009826660156,178.76499938964844,2028434
14/10/2025 15:00:00,178.75999450683594,180.47999572753906,178.6999969482422,180.14999389648438,2978919
14/10/2025 15:15:00,180.14999389648438,180.44769287109375,179.72000122070312,179.9615020751953,1492277
14/10/2025 15:30:00,179.99000549316406,180.22999572753906,178.84010314941406,179.41000366210938,1307415
14/10/2025 15:45:00,179.44000244140625,179.80999755859375,178.32009887695312,178.4304962158203,1060974
14/10/2025 16:00:00,178.49000549316406,178.67999267578125,177.96099853515625,178.1999969482422,935934
14/10/2025 16:15:00,178.22999572753906,179.77499389648438,178.07000732421875,179.55499267578125,1266258
14/10/2025 16:30:00,179.57989501953125,181.3300018310547,179.55999755859375,181.13699340820312,1631526
14/10/2025 16:45:00,181.1199951171875,181.77000427246094,180.85899353027344,181.18600463867188,1580924
14/10/2025 17:00:00,181.1699981689453,182.0800018310547,180.65640258789062,181.72999572753906,1567921
14/10/2025 17:15:00,181.73379516601562,182.08999633789062,181.52000427246094,181.7100067138672,851941
14/10/2025 17:30:00,181.72999572753906,182.22000122070312,181.38999938964844,181.63999938964844,1005440
14/10/2025 17:45:00,181.63999938964844,181.65199279785156,180.88999938964844,181.0050048828125,1001590
14/10/2025 18:00:00,181.0399932861328,181.69000244140625,180.8800048828125,181.5,844431
14/10/2025 18:15:00,181.55999755859375,181.8699951171875,181.23069763183594,181.77310180664062,596375
14/10/2025 18:30:00,181.8179931640625,182.0399932861328,181.6699981689453,181.96099853515625,807849
14/10/2025 18:45:00,181.97000122070312,182.33999633789062,181.27999877929688,181.36399841308594,951234
14/10/2025 19:00:00,181.3300018310547,181.5605010986328,180.61000061035156,180.70599365234375,803334
14/10/2025 19:15:00,180.72000122070312,181.57000732421875,180.66000366210938,180.9600067138672,934756
14/10/2025 19:30:00,180.97000122070312,181.07989501953125,178.61000061035156,178.91000366210938,1903755
14/10/2025 19:45:00,178.95480346679688,180.0399932861328,178.5399932861328,179.72900390625,2418261
15/10/2025 13:30:00,181.72999572753906,184.35000610351562,181.55999755859375,182.05999755859375,4974620
15/10/2025 13:45:00,182.0,183.3000030517578,181.0500030517578,182.52999877929688,2326232
15/10/2025 14:00:00,182.80999755859375,183.60000610351562,182.42999267578125,183.24000549316406,2139354
15/10/2025 14:15:00,183.25,183.75999450683594,182.39999389648438,183.14500427246094,1830706
15/10/2025 14:30:00,183.17599487304688,183.74000549316406,182.92999267578125,183.5399932861328,1573424
15/10/2025 14:45:00,183.60000610351562,183.75,182.4600067138672,182.88499450683594,1098386
15/10/2025 15:00:00,182.89999389648438,183.49000549316406,182.02749633789062,182.1999969482422,1073236
15/10/2025 15:15:00,182.18499755859375,182.86109924316406,181.8000030517578,182.15989685058594,883967
15/10/2025 15:30:00,182.05999755859375,182.1999969482422,180.1699981689453,180.5644989013672,1404834
15/10/2025 15:45:00,180.55999755859375,180.86000061035156,179.33999633789062,180.13999938964844,1604326
15/10/2025 16:00:00,180.07000732421875,180.82200622558594,179.5,179.92999267578125,838951
15/10/2025 16:15:00,179.89999389648438,180.4499969482422,179.2100067138672,179.6999969482422,807236
15/10/2025 16:30:00,179.7100067138672,179.85940551757812,178.8800048828125,179.35870361328125,890766
15/10/2025 16:45:00,179.36500549316406,180.0198974609375,179.0500030517578,179.2279052734375,882436
15/10/2025 17:00:00,179.24000549316406,179.24000549316406,176.27499389648438,176.60000610351562,1718362
15/10/2025 17:15:00,176.6051025390625,177.7100067138672,176.02000427246094,176.8300018310547,1567271
15/10/2025 17:30:00,176.84500122070312,178.72000122070312,176.47000122070312,178.35000610351562,1465281
15/10/2025 17:45:00,178.41000366210938,179.14999389648438,178.3699951171875,178.97999572753906,821545
15/10/2025 18:00:00,178.9600067138672,179.27999877929688,178.07000732421875,178.68499755859375,707372
15/10/2025 18:15:00,178.71929931640625,179.0500030517578,178.28500366210938,178.32000732421875,476192
15/10/2025 18:30:00,178.3000030517578,178.98989868164062,178.22000122070312,178.7299041748047,563736
15/10/2025 18:45:00,178.69000244140625,179.24000549316406,178.5,179.04849243164062,504322
15/10/2025 19:00:00,179.02000427246094,179.16990661621094,178.60000610351562,179.13510131835938,531741
15/10/2025 19:15:00,179.1024932861328,179.3000030517578,178.80999755859375,179.08999633789062,636721
15/10/2025 19:30:00,179.1300048828125,179.29989624023438,178.22999572753906,178.7899932861328,726046
15/10/2025 19:45:00,178.82000732421875,179.69000244140625,178.30999755859375,179.6300048828125,1823254
16/10/2025 13:30:00,181.8800048828125,182.3000030517578,179.92599487304688,181.89999389648438,3604176
16/10/2025 13:45:00,181.8699951171875,184.10000610351562,181.72000122070312,183.30999755859375,3651545
16/10/2025 14:00:00,183.3000030517578,184.82000732421875,182.1903076171875,182.97999572753906,3437473
16/10/2025 14:15:00,182.97999572753906,184.27000427246094,182.61810302734375,183.11599731445312,1805029
16/10/2025 14:30:00,183.18020629882812,184.0800018310547,183.1237030029297,183.9199981689453,1308896
16/10/2025 14:45:00,183.94000244140625,184.14999389648438,182.4600067138672,182.58999633789062,1410744
16/10/2025 15:00:00,182.6300048828125,183.42990112304688,182.44000244140625,182.60000610351562,1075007
16/10/2025 15:15:00,182.6199951171875,182.72500610351562,181.39999389648438,181.9949951171875,1163944
16/10/2025 15:30:00,181.97000122070312,182.97999572753906,180.22999572753906,180.5198974609375,1502349
16/10/2025 15:45:00,180.47999572753906,180.5399932861328,179.2100067138672,179.50010681152344,1660512
16/10/2025 16:00:00,179.5,180.10000610351562,178.92999267578125,179.8343963623047,1235831
16/10/2025 16:15:00,179.8699951171875,179.97999572753906,178.08009338378906,178.1999969482422,1441561
16/10/2025 16:30:00,178.25999450683594,178.39999389648438,177.14999389648438,177.90499877929688,1736061
16/10/2025 16:45:00,177.86500549316406,179.65989685058594,177.1300048828125,179.5500030517578,1333459
16/10/2025 17:00:00,179.5500030517578,179.8800048828125,178.33999633789062,179.55999755859375,1298698
16/10/2025 17:15:00,179.5749969482422,180.72500610351562,179.4886932373047,180.36570739746094,1156661
16/10/2025 17:30:00,180.35499572753906,180.6342010498047,179.19000244140625,179.52439880371094,877949
16/10/2025 17:45:00,179.52000427246094,179.97999572753906,179.18370056152344,179.77000427246094,715091
16/10/2025 18:00:00,179.74000549316406,179.8000030517578,177.3000030517578,177.4217071533203,1168115
16/10/2025 18:15:00,177.3699951171875,177.86000061035156,176.8000030517578,177.2100067138672,1292564
16/10/2025 18:30:00,177.19149780273438,178.41000366210938,176.4499969482422,178.25999450683594,1204699
16/10/2025 18:45:00,178.23240661621094,179.0399932861328,178.0500030517578,178.8715057373047,913566
16/10/2025 19:00:00,178.8699951171875,179.2174072265625,178.17999267578125,178.22000122070312,955138
16/10/2025 19:15:00,178.2467041015625,178.36000061035156,177.1999969482422,177.5500030517578,910699
16/10/2025 19:30:00,177.5500030517578,178.25999450683594,177.37100219726562,178.0850067138672,891691
16/10/2025 19:45:00,178.07000732421875,178.6999969482422,177.78500366210938,178.1199951171875,1531192
17/10/2025 13:30:00,177.5,178.0,174.75,175.36000061035156,5162899
17/10/2025 13:45:00,175.27999877929688,179.639892578125,175.25999450683594,179.327392578125,2856560
17/10/2025 14:00:00,179.35009765625,180.58999633789062,178.62010192871094,180.44000244140625,3165081
17/10/2025 14:15:00,180.44000244140625,181.58999633789062,180.41000366210938,180.84500122070312,2281033
17/10/2025 14:30:00,180.94749450683594,180.94760131835938,178.44000244140625,178.52810668945312,2406566
17/10/2025 14:45:00,178.58009338378906,179.2899932861328,176.79400634765625,176.985107421875,1513706
17/10/2025 15:00:00,176.96499633789062,177.72000122070312,176.1300048828125,176.14999389648438,1749648
17/10/2025 15:15:00,176.14999389648438,176.5050048828125,174.41000366210938,175.2899932861328,1987002
17/10/2025 15:30:00,175.32000732421875,175.60000610351562,173.9499969482422,175.30999755859375,2092232
17/10/2025 15:45:00,175.3300018310547,176.7299041748047,174.92999267578125,176.5717010498047,1352462
17/10/2025 16:00:00,176.6300048828125,178.2100067138672,176.5,177.6750030517578,2680560
17/10/2025 16:15:00,177.6750030517578,178.83999633789062,177.47999572753906,178.67999267578125,1690936
17/10/2025 16:30:00,178.69000244140625,178.9499969482422,177.86000061035156,178.01280212402344,900039
17/10/2025 16:45:00,178.06500244140625,178.5500030517578,176.94009399414062,177.5247039794922,1003374
17/10/2025 17:00:00,177.50999450683594,177.89999389648438,176.72000122070312,177.10000610351562,734132
17/10/2025 17:15:00,177.1300048828125,177.5399932861328,176.60000610351562,177.0749969482422,603707
17/10/2025 17:30:00,177.02999877929688,178.27000427246094,176.97000122070312,177.4600067138672,575014
17/10/2025 17:45:00,177.48399353027344,178.47000122070312,177.14999389648438,178.4499969482422,757282
17/10/2025 18:00:00,178.43359375,178.92999267578125,178.2899932861328,178.4600067138672,675131
17/10/2025 18:15:00,178.47500610351562,179.23989868164062,178.4600067138672,179.08999633789062,766610
17/10/2025 18:30:00,179.07000732421875,179.25,178.5399932861328,178.72000122070312,678823
17/10/2025 18:45:00,178.72500610351562,178.85000610351562,178.24000549316406,178.38499450683594,1364213
17/10/2025 19:00:00,178.42579650878906,179.2899932861328,178.3300018310547,179.08999633789062,789987
17/10/2025 19:15:00,179.097900390625,179.1199951171875,178.8000030517578,178.8300018310547,525177
17/10/2025 19:30:00,178.8350067138672,178.8350067138672,178.22000122070312,178.2550048828125,756528
17/10/2025 19:45:00,178.2899932861328,178.44000244140625,178.0364990234375,178.13999938964844,1428270
20/10/2025 13:30:00,179.4600067138672,180.03250122070312,177.44000244140625,178.61000061035156,3755211
20/10/2025 13:45:00,178.5800018310547,179.57000732421875,178.10000610351562,179.41000366210938,1715728
20/10/2025 14:00:00,179.4600067138672,181.89199829101562,179.2899932861328,181.89199829101562,2443683
20/10/2025 14:15:00,181.8800048828125,182.1999969482422,181.02999877929688,182.19000244140625,2075939
20/10/2025 14:30:00,182.17999267578125,182.8699951171875,181.2220001220703,182.15499877929688,1858293
20/10/2025 14:45:00,182.16000366210938,182.5959930419922,182.10009765625,182.26600646972656,1155842
20/10/2025 15:00:00,182.3300018310547,183.05999755859375,181.94000244140625,182.13999938964844,1481868
20/10/2025 15:15:00,182.1699981689453,183.0,182.02029418945312,182.79010009765625,999220
20/10/2025 15:30:00,182.83999633789062,183.00999450683594,182.34010314941406,182.6699981689453,881255
20/10/2025 15:45:00,182.67250061035156,183.08999633789062,182.19000244140625,182.82000732421875,889316
20/10/2025 16:00:00,182.7899932861328,182.91949462890625,182.2301025390625,182.47999572753906,610577
20/10/2025 16:15:00,182.49200439453125,182.72999572753906,182.0800018310547,182.15499877929688,561979
20/10/2025 16:30:00,182.1300048828125,182.1999969482422,181.2100067138672,181.5605010986328,1008663
20/10/2025 16:45:00,181.55039978027344,182.29010009765625,181.2100067138672,182.09500122070312,1128567
20/10/2025 17:00:00,182.0800018310547,182.4499969482422,181.99000549316406,182.41000366210938,501257
20/10/2025 17:15:00,182.4375,182.8820037841797,182.1199951171875,182.33099365234375,827930
20/10/2025 17:30:00,182.3249969482422,182.38999938964844,182.01100158691406,182.1649932861328,515763
20/10/2025 17:45:00,182.16799926757812,182.3699951171875,181.8000946044922,181.88999938964844,563453
20/10/2025 18:00:00,181.88999938964844,182.65989685058594,181.81739807128906,182.61199951171875,622040
20/10/2025 18:15:00,182.6199951171875,182.77999877929688,182.02999877929688,182.1199951171875,555858
20/10/2025 18:30:00,182.16920471191406,182.47999572753906,181.97999572753906,182.36000061035156,443631
20/10/2025 18:45:00,182.3699951171875,182.39999389648438,181.86000061035156,182.08599853515625,430470
20/10/2025 19:00:00,182.08999633789062,182.19000244140625,181.72000122070312,181.75039672851562,451586
20/10/2025 19:15:00,181.75,182.02999877929688,181.4615020751953,181.9499969482422,642861
20/10/2025 19:30:00,181.92999267578125,182.0,181.6999969482422,181.72999572753906,479123
20/10/2025 19:45:00,181.74000549316406,182.25,181.5050048828125,181.55999755859375,1449747
